11 
1 
Usseif 
Computer 
Computer 
5 1 5 0 5 0 5 0 5 0 5 
1 6 1 6 0 6 1 6 0 6 0 
5 1 5 1 5 0 5 0 5 0 5 
1 6 1 6 0 6 0 6 1 6 1 
5 1 5 0 5 0 5 0 5 0 5 
1 6 0 6 1 6 0 6 1 6 1 
5 0 5 0 5 0 5 0 5 0 5 
1 6 0 6 1 6 0 6 0 6 1 
5 1 5 0 5 0 5 0 5 1 5 
1 6 1 6 0 6 0 6 0 6 0 
5 1 5 0 5 0 5 0 5 0 5 

000000000000000 000000000000000 000000000000000 000000000000000 000000000000000 000000000000000 000000000000000 000000000000000 000000000000000 000000000000000 000000000000000 
000000000000000 Computer 000000000000000 000000000000000 000000000000000 000000000000000 000000000000000 000000000000000 000000000000000 000000000000000 000000000000000 
000000000000000 000000000000000 000000000000000 000000000000000 000000000000000 000000000000000 000000000000000 000000000000000 000000000000000 000000000000000 000000000000000 
000000000000000 Usseif 000000000000000 000000000000000 000000000000000 000000000000000 000000000000000 000000000000000 000000000000000 000000000000000 000000000000000 
000000000000000 000000000000000 000000000000000 000000000000000 000000000000000 000000000000000 000000000000000 000000000000000 000000000000000 000000000000000 000000000000000 
000000000000000 000000000000000 000000000000000 000000000000000 000000000000000 000000000000000 000000000000000 000000000000000 000000000000000 000000000000000 000000000000000 
000000000000000 000000000000000 000000000000000 000000000000000 000000000000000 000000000000000 000000000000000 000000000000000 000000000000000 000000000000000 000000000000000 
000000000000000 000000000000000 000000000000000 000000000000000 000000000000000 000000000000000 000000000000000 000000000000000 000000000000000 000000000000000 000000000000000 
000000000000000 000000000000000 000000000000000 000000000000000 000000000000000 000000000000000 000000000000000 000000000000000 000000000000000 000000000000000 000000000000000 
000000000000000 Computer 000000000000000 000000000000000 000000000000000 000000000000000 000000000000000 000000000000000 000000000000000 000000000000000 000000000000000 
000000000000000 000000000000000 000000000000000 000000000000000 000000000000000 000000000000000 000000000000000 000000000000000 000000000000000 000000000000000 000000000000000 

000000000000000 Usseif 000000000000000 000000000000000 000000000000000 000000000000000 000000000000000 000000000000000 000000000000000 000000000000000 000000000000000 
Usseif 000000000000000 Usseif 000000000000000 000000000000000 000000000000000 Computer 000000000000000 000000000000000 000000000000000 000000000000000 
000000000000000 Computer 000000000000000 Computer 000000000000000 000000000000000 000000000000000 000000000000000 000000000000000 000000000000000 000000000000000 
Usseif 000000000000000 Usseif 000000000000000 000000000000000 000000000000000 000000000000000 000000000000000 Computer 000000000000000 Usseif 
000000000000000 Computer 000000000000000 000000000000000 000000000000000 000000000000000 000000000000000 000000000000000 000000000000000 000000000000000 000000000000000 
Usseif 000000000000000 000000000000000 000000000000000 Computer 000000000000000 000000000000000 000000000000000 Usseif 000000000000000 Computer 
000000000000000 000000000000000 000000000000000 000000000000000 000000000000000 000000000000000 000000000000000 000000000000000 000000000000000 000000000000000 000000000000000 
Usseif 000000000000000 000000000000000 000000000000000 Computer 000000000000000 000000000000000 000000000000000 000000000000000 000000000000000 Usseif 
000000000000000 Computer 000000000000000 000000000000000 000000000000000 000000000000000 000000000000000 000000000000000 000000000000000 Computer 000000000000000 
Usseif 000000000000000 Computer 000000000000000 000000000000000 000000000000000 000000000000000 000000000000000 000000000000000 000000000000000 000000000000000 
000000000000000 Computer 000000000000000 000000000000000 000000000000000 000000000000000 000000000000000 000000000000000 000000000000000 000000000000000 000000000000000 

0 1 0 0 0 0 0 0 0 0 0 
3 0 5 0 0 0 23 0 0 0 0 
0 6 0 19 0 0 0 0 0 0 0 
11 0 13 0 0 0 0 0 21 0 20 
0 12 0 0 0 0 0 0 0 0 0 
14 0 0 0 17 0 0 0 22 0 10 
0 0 0 0 0 0 0 0 0 0 0 
16 0 0 0 7 0 0 0 0 0 18 
0 9 0 0 0 0 0 0 0 15 0 
8 0 4 0 0 0 0 0 0 0 0 
0 2 0 0 0 0 0 0 0 0 0 

23 
0 : 1 : 23 

11  

12  

37 

26 

7540120 
0 
0 
